74
22
26
85
88
11
65
33
27
80
39
32
72
10
84
37
75
99
30
81
60
86
85
30
60
50
21
18
16
92
33
94
67
39
43
75
54
2
20
1
46
64
90
19
93
71
79
67
99
91
57
13
69
54
72
88
37
95
26
39
89
47
17
35
47
45
64
34
66
9
83
73
79
29
35
96
95
66
37
89
71
53
19
25
36
21
26
14
67
55
39
58
76
81
11
98
47
56
72
48
7
45
1
91
9
83
33
40
19
75
92
70
59
37
68
37
29
92
98
26
20
50
66
12
70
25
97
98
19
36
49
40
94
88
82
26
52
28
17
52
87
85
94
91
62
69
99
40
13
74
70
55
57
46
29
57
79
89
21
83
86
35
22
83
27
53
75
70
54
43
84
2
75
47
38
34
55
74
49
2
25
58
85
44
65
93
82
49
60
26
46
63
7
33
66
53
64
12
65
10